Inserção: 5, 6, 3, 8, 7, 4, 1, 2.

    1º(5):      5

    2º(6):      5
                 6
    
    3º(3):      5
               3 6
    
    4º(8):      5
               3 6
                  8
    
    5º(7):       5
               3   6
                  7 8
    
    6º(4):       5
               3   6
                4    8
                    7
    
    7º(1):       5
               3   6
              1 4    8
                    7
    
    8º(2):         5
                3     6
              1   4     8
               2       7